chr	start	end	JC2140_neg	JC2307_neg	JC2307_pos	GC
NC_003062_3_fused	1	5000	32	44	33	0.549
NC_003062_3_fused	5001	10000	1045	1300	1614	0.480
NC_003062_3_fused	10001	15000	582	1012	565	0.471
NC_003062_3_fused	15001	20000	2624	3514	4142	0.458
NC_003062_3_fused	20001	25000	2755	3727	4287	0.562
NC_003062_3_fused	25001	30000	2542	3429	3249	0.572
NC_003062_3_fused	30001	35000	2521	3417	2981	0.595
NC_003062_3_fused	35001	40000	2559	3496	3045	0.581
NC_003062_3_fused	40001	45000	2621	3493	3116	0.603
NC_003062_3_fused	45001	50000	2514	3243	2993	0.612
NC_003062_3_fused	50001	55000	2509	3177	2942	0.615
NC_003062_3_fused	55001	60000	2456	3139	2910	0.576
NC_003062_3_fused	60001	65000	2376	3314	2905	0.569
NC_003062_3_fused	65001	70000	2468	3408	3114	0.575
NC_003062_3_fused	70001	75000	2457	3430	2967	0.569
NC_003062_3_fused	75001	80000	2386	3416	2874	0.578
NC_003062_3_fused	80001	85000	2387	3337	2827	0.605
NC_003062_3_fused	85001	90000	2377	3229	2812	0.599
NC_003062_3_fused	90001	95000	2254	3276	2625	0.605
NC_003062_3_fused	95001	100000	2439	3172	2682	0.614
NC_003062_3_fused	100001	105000	2502	3177	2696	0.619
NC_003062_3_fused	105001	110000	2501	3208	3029	0.586
NC_003062_3_fused	110001	115000	2502	3465	3087	0.599
NC_003062_3_fused	115001	120000	2633	3378	3158	0.584
NC_003062_3_fused	120001	125000	2479	3343	3131	0.589
NC_003062_3_fused	125001	130000	2281	3349	3078	0.580
NC_003062_3_fused	130001	135000	2168	3338	2781	0.608
NC_003062_3_fused	135001	140000	2095	3303	2600	0.583
NC_003062_3_fused	140001	145000	2149	3261	2586	0.591
NC_003062_3_fused	145001	150000	2236	3294	2621	0.583
NC_003062_3_fused	150001	155000	2460	3377	2831	0.599
NC_003062_3_fused	155001	160000	2517	3386	2953	0.591
NC_003062_3_fused	160001	165000	2514	3280	2822	0.600
NC_003062_3_fused	165001	170000	2442	3223	2793	0.615
NC_003062_3_fused	170001	175000	2434	3248	2875	0.587
NC_003062_3_fused	175001	180000	2442	3237	2873	0.602
NC_003062_3_fused	180001	185000	2274	3083	2720	0.597
NC_003062_3_fused	185001	190000	2262	3074	2661	0.594
NC_003062_3_fused	190001	195000	2394	3056	2786	0.612
NC_003062_3_fused	195001	200000	2412	2960	2728	0.597
NC_003062_3_fused	200001	205000	2355	2836	2693	0.599
NC_003062_3_fused	205001	210000	2273	2772	2707	0.589
NC_003062_3_fused	210001	215000	2257	2943	2631	0.571
NC_003062_3_fused	215001	220000	2391	3168	2655	0.598
NC_003062_3_fused	220001	225000	2511	3252	2701	0.601
NC_003062_3_fused	225001	230000	2593	3082	2896	0.610
NC_003062_3_fused	230001	235000	2426	2887	2679	0.567
NC_003062_3_fused	235001	240000	2295	2838	2555	0.616
NC_003062_3_fused	240001	245000	2304	2972	2768	0.631
NC_003062_3_fused	245001	250000	2297	3147	2877	0.582
NC_003062_3_fused	250001	255000	2385	3191	2796	0.609
NC_003062_3_fused	255001	260000	2429	3118	2533	0.606
NC_003062_3_fused	260001	265000	2442	2855	2532	0.612
NC_003062_3_fused	265001	270000	2477	2778	2685	0.594
NC_003062_3_fused	270001	275000	2422	2810	2758	0.598
NC_003062_3_fused	275001	280000	2488	3002	2871	0.580
NC_003062_3_fused	280001	285000	2569	3206	2996	0.581
NC_003062_3_fused	285001	290000	2454	2999	2990	0.617
NC_003062_3_fused	290001	295000	2238	3009	2849	0.612
NC_003062_3_fused	295001	300000	2278	3075	2744	0.605
NC_003062_3_fused	300001	305000	2269	3206	2795	0.567
NC_003062_3_fused	305001	310000	2253	3268	2918	0.601
NC_003062_3_fused	310001	315000	2257	3313	2979	0.604
NC_003062_3_fused	315001	320000	2150	3316	2891	0.595
NC_003062_3_fused	320001	325000	2131	3008	2763	0.596
NC_003062_3_fused	325001	330000	2109	2904	2773	0.619
NC_003062_3_fused	330001	335000	2143	2997	2791	0.614
NC_003062_3_fused	335001	340000	2215	3065	2765	0.605
NC_003062_3_fused	340001	345000	2435	3097	2862	0.604
NC_003062_3_fused	345001	350000	2398	3045	2718	0.619
NC_003062_3_fused	350001	355000	2273	3119	2702	0.605
NC_003062_3_fused	355001	360000	2183	3278	2786	0.610
NC_003062_3_fused	360001	365000	2166	3309	2826	0.543
NC_003062_3_fused	365001	370000	2259	3157	2844	0.583
NC_003062_3_fused	370001	375000	2181	3158	2830	0.581
NC_003062_3_fused	375001	380000	2215	3062	2630	0.570
NC_003062_3_fused	380001	385000	2290	2997	2539	0.604
NC_003062_3_fused	385001	390000	2447	3048	2562	0.593
NC_003062_3_fused	390001	395000	2487	3222	2613	0.603
NC_003062_3_fused	395001	400000	2487	3315	2665	0.584
NC_003062_3_fused	400001	405000	2520	3124	2807	0.600
NC_003062_3_fused	405001	410000	2536	3061	2714	0.597
NC_003062_3_fused	410001	415000	2556	3096	2841	0.616
NC_003062_3_fused	415001	420000	2457	3268	2898	0.578
NC_003062_3_fused	420001	425000	2449	3381	2746	0.587
NC_003062_3_fused	425001	430000	2423	3305	2706	0.583
NC_003062_3_fused	430001	435000	2353	3320	2753	0.607
NC_003062_3_fused	435001	440000	2374	3360	2709	0.601
NC_003062_3_fused	440001	445000	2443	3119	2543	0.584
NC_003062_3_fused	445001	450000	2474	2999	2630	0.586
NC_003062_3_fused	450001	455000	2456	3031	2704	0.606
NC_003062_3_fused	455001	460000	2441	2934	2907	0.615
NC_003062_3_fused	460001	465000	2451	3085	3114	0.602
NC_003062_3_fused	465001	470000	2450	3095	3077	0.592
NC_003062_3_fused	470001	475000	2250	3134	3040	0.589
NC_003062_3_fused	475001	480000	2276	3126	2746	0.601
NC_003062_3_fused	480001	485000	2561	2983	2623	0.603
NC_003062_3_fused	485001	490000	2406	2958	2653	0.593
NC_003062_3_fused	490001	495000	2504	3070	2858	0.593
NC_003062_3_fused	495001	500000	2503	3163	2798	0.630
NC_003062_3_fused	500001	505000	2336	3038	2653	0.595
NC_003062_3_fused	505001	510000	2320	2952	2612	0.597
NC_003062_3_fused	510001	515000	2453	2926	2616	0.597
NC_003062_3_fused	515001	520000	2239	2907	2750	0.608
NC_003062_3_fused	520001	525000	2218	2965	2820	0.599
NC_003062_3_fused	525001	530000	2202	3000	2874	0.602
NC_003062_3_fused	530001	535000	2182	3009	2813	0.609
NC_003062_3_fused	535001	540000	2205	3153	2941	0.605
NC_003062_3_fused	540001	545000	2153	3119	2899	0.620
NC_003062_3_fused	545001	550000	2090	2970	2877	0.595
NC_003062_3_fused	550001	555000	2242	2935	2742	0.603
NC_003062_3_fused	555001	560000	2361	2986	2579	0.593
NC_003062_3_fused	560001	565000	2621	3091	2581	0.582
NC_003062_3_fused	565001	570000	2548	3071	2635	0.597
NC_003062_3_fused	570001	575000	2524	3059	2866	0.605
NC_003062_3_fused	575001	580000	2459	2934	2721	0.594
NC_003062_3_fused	580001	585000	2342	2989	2697	0.596
NC_003062_3_fused	585001	590000	2389	3022	2682	0.588
NC_003062_3_fused	590001	595000	2580	3246	3076	0.617
NC_003062_3_fused	595001	600000	2626	3195	2974	0.607
NC_003062_3_fused	600001	605000	2539	3138	2812	0.607
NC_003062_3_fused	605001	610000	2567	3077	2769	0.606
NC_003062_3_fused	610001	615000	2491	3182	2772	0.559
NC_003062_3_fused	615001	620000	2396	3101	2817	0.573
NC_003062_3_fused	620001	625000	2398	2928	2864	0.590
NC_003062_3_fused	625001	630000	2250	2945	2885	0.594
NC_003062_3_fused	630001	635000	2134	2981	2879	0.580
NC_003062_3_fused	635001	640000	2248	3134	2717	0.609
NC_003062_3_fused	640001	645000	2268	3124	2763	0.598
NC_003062_3_fused	645001	650000	2444	3330	2730	0.608
NC_003062_3_fused	650001	655000	2354	3277	2783	0.589
NC_003062_3_fused	655001	660000	2360	3176	2832	0.612
NC_003062_3_fused	660001	665000	2346	3215	2853	0.596
NC_003062_3_fused	665001	670000	2447	3002	2982	0.603
NC_003062_3_fused	670001	675000	2528	3059	2945	0.598
NC_003062_3_fused	675001	680000	2502	2953	2847	0.605
NC_003062_3_fused	680001	685000	2535	2935	2862	0.600
NC_003062_3_fused	685001	690000	2531	3167	2849	0.600
NC_003062_3_fused	690001	695000	2313	3397	2882	0.602
NC_003062_3_fused	695001	700000	2282	3192	2882	0.592
NC_003062_3_fused	700001	705000	2262	3161	2922	0.547
NC_003062_3_fused	705001	710000	2217	3178	3022	0.570
NC_003062_3_fused	710001	715000	2417	3296	2912	0.532
NC_003062_3_fused	715001	720000	2357	3284	2903	0.544
NC_003062_3_fused	720001	725000	2391	3270	2868	0.525
NC_003062_3_fused	725001	730000	2363	3112	2960	0.585
NC_003062_3_fused	730001	735000	2165	2867	3036	0.591
NC_003062_3_fused	735001	740000	2038	2721	2810	0.597
NC_003062_3_fused	740001	745000	2140	2730	2710	0.600
NC_003062_3_fused	745001	750000	2224	2888	2672	0.607
NC_003062_3_fused	750001	755000	2355	3145	2671	0.557
NC_003062_3_fused	755001	760000	2328	3372	2794	0.603
NC_003062_3_fused	760001	765000	2343	3287	2756	0.599
NC_003062_3_fused	765001	770000	2412	3129	2904	0.590
NC_003062_3_fused	770001	775000	2373	3053	2812	0.592
NC_003062_3_fused	775001	780000	2416	3025	2822	0.601
NC_003062_3_fused	780001	785000	2398	3129	2918	0.592
NC_003062_3_fused	785001	790000	2417	3109	2906	0.602
NC_003062_3_fused	790001	795000	2218	3058	2660	0.624
NC_003062_3_fused	795001	800000	2188	3011	2667	0.588
NC_003062_3_fused	800001	805000	2223	3131	2657	0.614
NC_003062_3_fused	805001	810000	2389	3104	2806	0.611
NC_003062_3_fused	810001	815000	2425	3043	2823	0.611
NC_003062_3_fused	815001	820000	2483	3061	2615	0.597
NC_003062_3_fused	820001	825000	2448	3020	2570	0.602
NC_003062_3_fused	825001	830000	2505	3047	2602	0.600
NC_003062_3_fused	830001	835000	2485	2959	2894	0.574
NC_003062_3_fused	835001	840000	2457	3188	3170	0.584
NC_003062_3_fused	840001	845000	2428	3239	3226	0.572
NC_003062_3_fused	845001	850000	2607	3290	3126	0.573
NC_003062_3_fused	850001	855000	2856	3360	2966	0.579
NC_003062_3_fused	855001	860000	2734	3180	3044	0.591
NC_003062_3_fused	860001	865000	2663	3102	3033	0.582
NC_003062_3_fused	865001	870000	2524	3019	2913	0.571
NC_003062_3_fused	870001	875000	2467	3021	2737	0.569
NC_003062_3_fused	875001	880000	2549	3119	2807	0.573
NC_003062_3_fused	880001	885000	2503	3290	2977	0.560
NC_003062_3_fused	885001	890000	2413	3000	2846	0.571
NC_003062_3_fused	890001	895000	2329	2997	2750	0.591
NC_003062_3_fused	895001	900000	2316	3215	2848	0.607
NC_003062_3_fused	900001	905000	2353	3364	2951	0.595
NC_003062_3_fused	905001	910000	2392	3303	3062	0.610
NC_003062_3_fused	910001	915000	2392	3152	2861	0.595
NC_003062_3_fused	915001	920000	2417	3062	2800	0.598
NC_003062_3_fused	920001	925000	2593	3137	2849	0.597
NC_003062_3_fused	925001	930000	2659	3331	2907	0.585
NC_003062_3_fused	930001	935000	2497	3314	2796	0.617
NC_003062_3_fused	935001	940000	2339	3087	2652	0.583
NC_003062_3_fused	940001	945000	2393	3145	2590	0.601
NC_003062_3_fused	945001	950000	2368	3377	2679	0.609
NC_003062_3_fused	950001	955000	2398	3304	2658	0.596
NC_003062_3_fused	955001	960000	2458	3316	2605	0.585
NC_003062_3_fused	960001	965000	2397	3334	2615	0.611
NC_003062_3_fused	965001	970000	2474	3399	2964	0.580
NC_003062_3_fused	970001	975000	2535	3359	3164	0.598
NC_003062_3_fused	975001	980000	2717	3393	3066	0.600
NC_003062_3_fused	980001	985000	2841	3448	2861	0.602
NC_003062_3_fused	985001	990000	2599	3270	2870	0.585
NC_003062_3_fused	990001	995000	2511	3158	2908	0.607
NC_003062_3_fused	995001	1000000	2579	3069	2976	0.621
NC_003062_3_fused	1000001	1005000	2465	2920	2874	0.570
NC_003062_3_fused	1005001	1010000	2289	2884	2752	0.588
NC_003062_3_fused	1010001	1015000	2275	2935	2710	0.607
NC_003062_3_fused	1015001	1020000	2350	2974	2823	0.586
NC_003062_3_fused	1020001	1025000	2384	3019	2938	0.601
NC_003062_3_fused	1025001	1030000	2659	3154	2961	0.612
NC_003062_3_fused	1030001	1035000	2643	3143	2763	0.594
NC_003062_3_fused	1035001	1040000	2302	2987	2738	0.582
NC_003062_3_fused	1040001	1045000	2310	2959	2678	0.585
NC_003062_3_fused	1045001	1050000	2387	2981	2804	0.600
NC_003062_3_fused	1050001	1055000	2394	3108	2896	0.580
NC_003062_3_fused	1055001	1060000	2446	3191	2953	0.592
NC_003062_3_fused	1060001	1065000	2461	3016	2930	0.587
NC_003062_3_fused	1065001	1070000	2585	2947	2933	0.593
NC_003062_3_fused	1070001	1075000	2421	2942	2931	0.564
NC_003062_3_fused	1075001	1080000	2417	3108	2862	0.578
NC_003062_3_fused	1080001	1085000	2583	3082	2878	0.588
NC_003062_3_fused	1085001	1090000	2498	3088	2959	0.593
NC_003062_3_fused	1090001	1095000	2397	2947	2918	0.591
NC_003062_3_fused	1095001	1100000	2399	2948	2970	0.590
NC_003062_3_fused	1100001	1105000	2325	2864	2990	0.586
NC_003062_3_fused	1105001	1110000	2174	2860	2860	0.582
NC_003062_3_fused	1110001	1115000	2418	3063	2830	0.600
NC_003062_3_fused	1115001	1120000	2653	3065	2888	0.611
NC_003062_3_fused	1120001	1125000	2744	3020	2774	0.608
NC_003062_3_fused	1125001	1130000	2617	3150	2723	0.608
NC_003062_3_fused	1130001	1135000	2678	3084	2840	0.581
NC_003062_3_fused	1135001	1140000	2644	2953	2945	0.600
NC_003062_3_fused	1140001	1145000	2632	3025	2957	0.589
NC_003062_3_fused	1145001	1150000	2419	3027	2816	0.591
NC_003062_3_fused	1150001	1155000	2368	2982	2610	0.595
NC_003062_3_fused	1155001	1160000	2355	2926	2525	0.628
NC_003062_3_fused	1160001	1165000	2427	2973	2618	0.632
NC_003062_3_fused	1165001	1170000	2495	2951	2540	0.596
NC_003062_3_fused	1170001	1175000	2593	2997	2479	0.608
NC_003062_3_fused	1175001	1180000	2725	2904	2548	0.591
NC_003062_3_fused	1180001	1185000	2617	2893	2660	0.573
NC_003062_3_fused	1185001	1190000	2591	3099	2652	0.587
NC_003062_3_fused	1190001	1195000	2680	3150	2724	0.580
NC_003062_3_fused	1195001	1200000	2663	3040	2889	0.585
NC_003062_3_fused	1200001	1205000	2626	2946	2834	0.587
NC_003062_3_fused	1205001	1210000	2607	3036	2728	0.597
NC_003062_3_fused	1210001	1215000	2639	3013	2875	0.584
NC_003062_3_fused	1215001	1220000	2715	3220	3176	0.594
NC_003062_3_fused	1220001	1225000	2803	3263	3151	0.597
NC_003062_3_fused	1225001	1230000	2665	3184	3020	0.581
NC_003062_3_fused	1230001	1235000	2517	3152	2970	0.599
NC_003062_3_fused	1235001	1240000	2520	3080	2911	0.618
NC_003062_3_fused	1240001	1245000	2376	3046	2876	0.603
NC_003062_3_fused	1245001	1250000	2334	3066	2888	0.586
NC_003062_3_fused	1250001	1255000	2470	3314	2936	0.606
NC_003062_3_fused	1255001	1260000	2621	3108	2896	0.573
NC_003062_3_fused	1260001	1265000	2582	2790	2986	0.566
NC_003062_3_fused	1265001	1270000	2610	2833	3032	0.598
NC_003062_3_fused	1270001	1275000	2713	2951	2801	0.594
NC_003062_3_fused	1275001	1280000	2799	2938	2659	0.603
NC_003062_3_fused	1280001	1285000	2589	2868	2743	0.598
NC_003062_3_fused	1285001	1290000	2559	3102	2859	0.604
NC_003062_3_fused	1290001	1295000	2552	3213	2875	0.610
NC_003062_3_fused	1295001	1300000	2597	3231	2866	0.610
NC_003062_3_fused	1300001	1305000	2456	3154	2692	0.604
NC_003062_3_fused	1305001	1310000	2443	3027	2626	0.614
NC_003062_3_fused	1310001	1315000	2563	3033	2873	0.612
NC_003062_3_fused	1315001	1320000	2663	3118	2870	0.594
NC_003062_3_fused	1320001	1325000	2761	3166	2939	0.625
NC_003062_3_fused	1325001	1330000	2751	3002	2937	0.579
NC_003062_3_fused	1330001	1335000	2427	2993	2820	0.598
NC_003062_3_fused	1335001	1340000	2308	2770	2588	0.576
NC_003062_3_fused	1340001	1345000	2246	2775	2530	0.616
NC_003062_3_fused	1345001	1350000	2283	2800	2540	0.611
NC_003062_3_fused	1350001	1355000	2542	2984	2644	0.606
NC_003062_3_fused	1355001	1360000	2438	2963	2669	0.600
NC_003062_3_fused	1360001	1365000	2340	2752	2682	0.628
NC_003062_3_fused	1365001	1370000	2288	2719	2682	0.620
NC_003062_3_fused	1370001	1375000	2405	3028	2703	0.609
NC_003062_3_fused	1375001	1380000	2590	2984	2750	0.589
NC_003062_3_fused	1380001	1385000	2555	2929	2665	0.616
NC_003062_3_fused	1385001	1390000	2434	2725	2528	0.599
NC_003062_3_fused	1390001	1395000	2419	2694	2507	0.587
NC_003062_3_fused	1395001	1400000	2433	2696	2744	0.600
NC_003062_3_fused	1400001	1405000	2544	2731	2884	0.573
NC_003062_3_fused	1405001	1410000	2691	3104	2919	0.591
NC_003062_3_fused	1410001	1415000	2669	3030	2944	0.614
NC_003062_3_fused	1415001	1420000	2444	2844	2826	0.604
NC_003062_3_fused	1420001	1425000	2380	2848	2785	0.593
NC_003062_3_fused	1425001	1430000	2437	2963	2795	0.545
NC_003062_3_fused	1430001	1435000	2483	2920	2847	0.596
NC_003062_3_fused	1435001	1440000	2594	2810	2752	0.602
NC_003062_3_fused	1440001	1445000	2658	2792	2798	0.595
NC_003062_3_fused	1445001	1450000	2787	2815	2849	0.530
NC_003062_3_fused	1450001	1455000	2794	2883	2957	0.557
NC_003062_3_fused	1455001	1460000	2473	2970	2935	0.588
NC_003062_3_fused	1460001	1465000	2457	2903	2947	0.576
NC_003062_3_fused	1465001	1470000	2615	2878	2871	0.601
NC_003062_3_fused	1470001	1475000	2492	2857	2804	0.605
NC_003062_3_fused	1475001	1480000	2409	2707	2680	0.596
NC_003062_3_fused	1480001	1485000	2392	2709	2658	0.581
NC_003062_3_fused	1485001	1490000	2419	2784	2540	0.557
NC_003062_3_fused	1490001	1495000	2602	2982	2533	0.588
NC_003062_3_fused	1495001	1500000	2512	2794	2621	0.587
NC_003062_3_fused	1500001	1505000	2490	2788	2897	0.608
NC_003062_3_fused	1505001	1510000	2603	2823	2994	0.602
NC_003062_3_fused	1510001	1515000	2618	2824	2702	0.575
NC_003062_3_fused	1515001	1520000	2685	2971	2506	0.581
NC_003062_3_fused	1520001	1525000	2530	2773	2461	0.604
NC_003062_3_fused	1525001	1530000	2337	2588	2516	0.583
NC_003062_3_fused	1530001	1535000	2324	2617	2553	0.593
NC_003062_3_fused	1535001	1540000	2381	2913	2548	0.582
NC_003062_3_fused	1540001	1545000	2530	3111	2769	0.608
NC_003062_3_fused	1545001	1550000	2478	3209	2978	0.590
NC_003062_3_fused	1550001	1555000	2534	3156	2971	0.601
NC_003062_3_fused	1555001	1560000	2478	3009	2814	0.591
NC_003062_3_fused	1560001	1565000	2432	2885	2735	0.583
NC_003062_3_fused	1565001	1570000	2420	2862	2470	0.616
NC_003062_3_fused	1570001	1575000	2653	2883	2459	0.619
NC_003062_3_fused	1575001	1580000	2409	3004	2507	0.569
NC_003062_3_fused	1580001	1585000	2293	3005	2862	0.586
NC_003062_3_fused	1585001	1590000	2305	2998	2764	0.594
NC_003062_3_fused	1590001	1595000	2368	2790	2575	0.576
NC_003062_3_fused	1595001	1600000	2450	2737	2596	0.598
NC_003062_3_fused	1600001	1605000	2696	2840	2698	0.587
NC_003062_3_fused	1605001	1610000	2732	3005	2779	0.591
NC_003062_3_fused	1610001	1615000	2694	3205	2812	0.609
NC_003062_3_fused	1615001	1620000	2654	3156	2812	0.596
NC_003062_3_fused	1620001	1625000	2460	3138	2777	0.549
NC_003062_3_fused	1625001	1630000	2541	2966	2821	0.585
NC_003062_3_fused	1630001	1635000	2535	2990	2829	0.593
NC_003062_3_fused	1635001	1640000	2479	2985	2797	0.594
NC_003062_3_fused	1640001	1645000	2537	3099	2867	0.601
NC_003062_3_fused	1645001	1650000	2645	3000	2731	0.588
NC_003062_3_fused	1650001	1655000	2696	3137	2749	0.607
NC_003062_3_fused	1655001	1660000	2648	3112	2777	0.598
NC_003062_3_fused	1660001	1665000	2602	3003	2876	0.599
NC_003062_3_fused	1665001	1670000	2606	3069	3005	0.604
NC_003062_3_fused	1670001	1675000	2534	3247	2992	0.577
NC_003062_3_fused	1675001	1680000	2577	3416	2957	0.588
NC_003062_3_fused	1680001	1685000	2479	3258	2770	0.603
NC_003062_3_fused	1685001	1690000	2535	3178	2691	0.592
NC_003062_3_fused	1690001	1695000	2585	3101	2493	0.602
NC_003062_3_fused	1695001	1700000	2498	2958	2479	0.555
NC_003062_3_fused	1700001	1705000	2530	2955	2717	0.598
NC_003062_3_fused	1705001	1710000	2501	2880	2782	0.571
NC_003062_3_fused	1710001	1715000	2501	2804	2722	0.599
NC_003062_3_fused	1715001	1720000	2546	2778	2585	0.598
NC_003062_3_fused	1720001	1725000	2383	2708	2566	0.573
NC_003062_3_fused	1725001	1730000	2364	2947	2582	0.610
NC_003062_3_fused	1730001	1735000	2363	2872	2850	0.623
NC_003062_3_fused	1735001	1740000	2285	2934	2902	0.626
NC_003062_3_fused	1740001	1745000	2282	2930	2850	0.611
NC_003062_3_fused	1745001	1750000	2449	2946	2811	0.601
NC_003062_3_fused	1750001	1755000	2413	2919	2703	0.594
NC_003062_3_fused	1755001	1760000	2406	2935	2541	0.581
NC_003062_3_fused	1760001	1765000	2315	2994	2609	0.579
NC_003062_3_fused	1765001	1770000	2331	2849	2579	0.533
NC_003062_3_fused	1770001	1775000	2500	2792	2499	0.550
NC_003062_3_fused	1775001	1780000	2571	2787	2534	0.574
NC_003062_3_fused	1780001	1785000	2512	2898	2668	0.594
NC_003062_3_fused	1785001	1790000	2432	2804	2847	0.581
NC_003062_3_fused	1790001	1795000	2385	2678	2732	0.589
NC_003062_3_fused	1795001	1800000	2398	2680	2660	0.625
NC_003062_3_fused	1800001	1805000	2553	2683	2679	0.599
NC_003062_3_fused	1805001	1810000	2511	2766	2714	0.581
NC_003062_3_fused	1810001	1815000	2546	2925	2727	0.583
NC_003062_3_fused	1815001	1820000	2568	2860	2585	0.594
NC_003062_3_fused	1820001	1825000	2338	2757	2387	0.578
NC_003062_3_fused	1825001	1830000	2352	2798	2348	0.605
NC_003062_3_fused	1830001	1835000	2316	2732	2441	0.527
NC_003062_3_fused	1835001	1840000	2360	2761	2491	0.560
NC_003062_3_fused	1840001	1845000	2461	2965	2706	0.575
NC_003062_3_fused	1845001	1850000	2492	2968	2785	0.566
NC_003062_3_fused	1850001	1855000	2540	2883	2772	0.601
NC_003062_3_fused	1855001	1860000	2564	2835	2856	0.595
NC_003062_3_fused	1860001	1865000	2680	2876	2954	0.604
NC_003062_3_fused	1865001	1870000	2418	2867	2915	0.609
NC_003062_3_fused	1870001	1875000	2433	2713	2717	0.607
NC_003062_3_fused	1875001	1880000	2326	2617	2662	0.582
NC_003062_3_fused	1880001	1885000	2201	2515	2581	0.580
NC_003062_3_fused	1885001	1890000	2203	2462	2552	0.587
NC_003062_3_fused	1890001	1895000	2253	2642	2494	0.581
NC_003062_3_fused	1895001	1900000	2473	2772	2787	0.601
NC_003062_3_fused	1900001	1905000	2601	3007	2969	0.572
NC_003062_3_fused	1905001	1910000	2499	3021	2797	0.592
NC_003062_3_fused	1910001	1915000	2477	3040	2695	0.604
NC_003062_3_fused	1915001	1920000	2525	3371	2698	0.588
NC_003062_3_fused	1920001	1925000	2659	3230	2786	0.590
NC_003062_3_fused	1925001	1930000	2654	2808	2936	0.613
NC_003062_3_fused	1930001	1935000	2443	2808	2775	0.571
NC_003062_3_fused	1935001	1940000	2377	2764	2739	0.584
NC_003062_3_fused	1940001	1945000	2335	2999	2709	0.604
NC_003062_3_fused	1945001	1950000	2360	2869	2644	0.583
NC_003062_3_fused	1950001	1955000	2416	2879	2622	0.598
NC_003062_3_fused	1955001	1960000	2417	3019	2673	0.610
NC_003062_3_fused	1960001	1965000	2430	2949	2660	0.599
NC_003062_3_fused	1965001	1970000	2560	3043	2701	0.586
NC_003062_3_fused	1970001	1975000	2583	3106	2838	0.602
NC_003062_3_fused	1975001	1980000	2573	2986	3025	0.595
NC_003062_3_fused	1980001	1985000	2583	3058	2933	0.563
NC_003062_3_fused	1985001	1990000	2565	3026	2864	0.575
NC_003062_3_fused	1990001	1995000	2634	3033	3001	0.591
NC_003062_3_fused	1995001	2000000	2627	3020	2869	0.573
NC_003062_3_fused	2000001	2005000	2629	2878	2641	0.545
NC_003062_3_fused	2005001	2010000	2585	2878	2480	0.592
NC_003062_3_fused	2010001	2015000	2542	2966	2566	0.590
NC_003062_3_fused	2015001	2020000	2401	2840	2829	0.596
NC_003062_3_fused	2020001	2025000	2483	2909	2756	0.580
NC_003062_3_fused	2025001	2030000	2556	3006	2710	0.573
NC_003062_3_fused	2030001	2035000	2490	3000	2596	0.599
NC_003062_3_fused	2035001	2040000	2479	2933	2610	0.593
NC_003062_3_fused	2040001	2045000	2667	2940	2722	0.606
NC_003062_3_fused	2045001	2050000	2745	3049	2863	0.574
NC_003062_3_fused	2050001	2055000	2746	2948	2751	0.601
NC_003062_3_fused	2055001	2060000	2492	2853	2671	0.589
NC_003062_3_fused	2060001	2065000	2398	2919	2660	0.587
NC_003062_3_fused	2065001	2070000	2360	2902	2717	0.594
NC_003062_3_fused	2070001	2075000	2415	3115	2951	0.574
NC_003062_3_fused	2075001	2080000	2635	2981	2725	0.609
NC_003062_3_fused	2080001	2085000	2456	2906	2619	0.595
NC_003062_3_fused	2085001	2090000	2458	2807	2798	0.590
NC_003062_3_fused	2090001	2095000	2410	2836	2744	0.582
NC_003062_3_fused	2095001	2100000	2283	3098	2663	0.580
NC_003062_3_fused	2100001	2105000	2260	3109	2614	0.574
NC_003062_3_fused	2105001	2110000	2487	2917	2739	0.602
NC_003062_3_fused	2110001	2115000	2577	2941	2671	0.602
NC_003062_3_fused	2115001	2120000	2491	3051	2687	0.602
NC_003062_3_fused	2120001	2125000	2260	3065	2675	0.597
NC_003062_3_fused	2125001	2130000	2270	3027	2722	0.588
NC_003062_3_fused	2130001	2135000	2359	3077	2801	0.591
NC_003062_3_fused	2135001	2140000	2402	3204	2770	0.617
NC_003062_3_fused	2140001	2145000	2381	2970	2693	0.594
NC_003062_3_fused	2145001	2150000	2341	2898	2710	0.583
NC_003062_3_fused	2150001	2155000	2264	3144	2590	0.594
NC_003062_3_fused	2155001	2160000	2192	3221	2635	0.599
NC_003062_3_fused	2160001	2165000	2233	3205	2771	0.589
NC_003062_3_fused	2165001	2170000	2566	3165	2649	0.593
NC_003062_3_fused	2170001	2175000	2528	3245	2756	0.593
NC_003062_3_fused	2175001	2180000	2726	3360	2862	0.596
NC_003062_3_fused	2180001	2185000	2528	3144	2723	0.576
NC_003062_3_fused	2185001	2190000	2457	2906	2657	0.591
NC_003062_3_fused	2190001	2195000	2415	2724	2581	0.589
NC_003062_3_fused	2195001	2200000	2299	2713	2699	0.603
NC_003062_3_fused	2200001	2205000	2428	2754	2819	0.587
NC_003062_3_fused	2205001	2210000	2502	3088	2699	0.527
NC_003062_3_fused	2210001	2215000	2588	2970	2498	0.586
NC_003062_3_fused	2215001	2220000	2534	2963	2566	0.595
NC_003062_3_fused	2220001	2225000	2494	2960	2759	0.597
NC_003062_3_fused	2225001	2230000	2413	2901	2774	0.582
NC_003062_3_fused	2230001	2235000	2460	2787	2639	0.547
NC_003062_3_fused	2235001	2240000	2514	2738	2483	0.569
NC_003062_3_fused	2240001	2245000	2393	2798	2387	0.583
NC_003062_3_fused	2245001	2250000	2365	2917	2482	0.595
NC_003062_3_fused	2250001	2255000	2283	3008	2617	0.586
NC_003062_3_fused	2255001	2260000	2329	3120	2573	0.614
NC_003062_3_fused	2260001	2265000	2442	3037	2570	0.622
NC_003062_3_fused	2265001	2270000	2515	2873	2564	0.613
NC_003062_3_fused	2270001	2275000	2486	2869	2500	0.596
NC_003062_3_fused	2275001	2280000	2352	3027	2640	0.611
NC_003062_3_fused	2280001	2285000	2554	3209	2788	0.607
NC_003062_3_fused	2285001	2290000	2416	3336	2757	0.582
NC_003062_3_fused	2290001	2295000	2394	3198	2696	0.607
NC_003062_3_fused	2295001	2300000	2579	3109	2665	0.577
NC_003062_3_fused	2300001	2305000	2617	3017	2705	0.604
NC_003062_3_fused	2305001	2310000	2610	2991	2583	0.557
NC_003062_3_fused	2310001	2315000	2483	3370	2619	0.604
NC_003062_3_fused	2315001	2320000	2456	3151	2969	0.598
NC_003062_3_fused	2320001	2325000	2462	3009	2702	0.579
NC_003062_3_fused	2325001	2330000	2258	3002	2612	0.601
NC_003062_3_fused	2330001	2335000	2306	2971	2599	0.569
NC_003062_3_fused	2335001	2340000	2470	2984	2682	0.578
NC_003062_3_fused	2340001	2345000	2691	2837	2658	0.578
NC_003062_3_fused	2345001	2350000	2755	2816	2614	0.606
NC_003062_3_fused	2350001	2355000	2551	2949	2767	0.599
NC_003062_3_fused	2355001	2360000	2462	2926	2719	0.607
NC_003062_3_fused	2360001	2365000	2358	2937	2724	0.596
NC_003062_3_fused	2365001	2370000	2216	2921	2582	0.602
NC_003062_3_fused	2370001	2375000	2196	2723	2556	0.578
NC_003062_3_fused	2375001	2380000	2301	2682	2575	0.605
NC_003062_3_fused	2380001	2385000	2264	2769	2498	0.613
NC_003062_3_fused	2385001	2390000	2323	3034	2632	0.599
NC_003062_3_fused	2390001	2395000	2535	3056	2599	0.589
NC_003062_3_fused	2395001	2400000	2581	3105	2629	0.601
NC_003062_3_fused	2400001	2405000	2406	3194	2574	0.594
NC_003062_3_fused	2405001	2410000	2292	3009	2585	0.624
NC_003062_3_fused	2410001	2415000	2143	2895	2505	0.607
NC_003062_3_fused	2415001	2420000	2122	3000	2578	0.584
NC_003062_3_fused	2420001	2425000	2225	3190	2575	0.584
NC_003062_3_fused	2425001	2430000	2238	3134	2610	0.595
NC_003062_3_fused	2430001	2435000	2307	2865	2630	0.604
NC_003062_3_fused	2435001	2440000	2352	2761	2630	0.623
NC_003062_3_fused	2440001	2445000	2458	2863	2428	0.599
NC_003062_3_fused	2445001	2450000	2455	2881	2452	0.606
NC_003062_3_fused	2450001	2455000	2503	3013	2542	0.587
NC_003062_3_fused	2455001	2460000	2423	3053	2544	0.618
NC_003062_3_fused	2460001	2465000	2319	3106	2522	0.626
NC_003062_3_fused	2465001	2470000	2194	2939	2501	0.606
NC_003062_3_fused	2470001	2475000	2274	2931	2568	0.614
NC_003062_3_fused	2475001	2480000	2344	2771	2699	0.616
NC_003062_3_fused	2480001	2485000	2287	2858	2618	0.593
NC_003062_3_fused	2485001	2490000	2350	2879	2279	0.587
NC_003062_3_fused	2490001	2495000	2265	2721	2249	0.581
NC_003062_3_fused	2495001	2500000	2272	2778	2433	0.610
NC_003062_3_fused	2500001	2505000	2242	2835	2539	0.597
NC_003062_3_fused	2505001	2510000	2141	2957	2517	0.617
NC_003062_3_fused	2510001	2515000	2191	3046	2599	0.600
NC_003062_3_fused	2515001	2520000	2346	3063	2649	0.608
NC_003062_3_fused	2520001	2525000	2417	2966	2605	0.603
NC_003062_3_fused	2525001	2530000	2269	3074	2503	0.589
NC_003062_3_fused	2530001	2535000	2278	3157	2392	0.602
NC_003062_3_fused	2535001	2540000	2521	3182	2509	0.602
NC_003062_3_fused	2540001	2545000	2511	3072	2509	0.590
NC_003062_3_fused	2545001	2550000	2495	3043	2610	0.574
NC_003062_3_fused	2550001	2555000	2440	2993	2589	0.598
NC_003062_3_fused	2555001	2560000	2297	2964	2432	0.598
NC_003062_3_fused	2560001	2565000	2271	2209	1820	0.609
NC_003062_3_fused	2565001	2570000	2365	1962	1647	0.589
NC_003062_3_fused	2570001	2575000	2185	2800	2353	0.627
NC_003062_3_fused	2575001	2580000	2235	2864	2381	0.601
NC_003062_3_fused	2580001	2585000	2157	2950	2354	0.599
NC_003062_3_fused	2585001	2590000	2130	2907	2338	0.596
NC_003062_3_fused	2590001	2595000	2158	2806	2318	0.584
NC_003062_3_fused	2595001	2600000	2099	2759	2297	0.592
NC_003062_3_fused	2600001	2605000	2162	2747	2379	0.598
NC_003062_3_fused	2605001	2610000	2102	2619	2438	0.620
NC_003062_3_fused	2610001	2615000	2081	2576	2321	0.611
NC_003062_3_fused	2615001	2620000	2167	2729	2225	0.611
NC_003062_3_fused	2620001	2625000	2090	2902	2226	0.603
NC_003062_3_fused	2625001	2630000	2245	2859	2300	0.594
NC_003062_3_fused	2630001	2635000	2134	2766	2558	0.601
NC_003062_3_fused	2635001	2640000	2148	2729	2534	0.609
NC_003062_3_fused	2640001	2645000	2178	2870	2452	0.611
NC_003062_3_fused	2645001	2650000	2206	2888	2277	0.596
NC_003062_3_fused	2650001	2655000	2188	2858	2179	0.617
NC_003062_3_fused	2655001	2660000	2161	2863	2176	0.600
NC_003062_3_fused	2660001	2665000	2270	2765	2205	0.579
NC_003062_3_fused	2665001	2670000	2167	2766	2249	0.617
NC_003062_3_fused	2670001	2675000	2131	2763	2378	0.604
NC_003062_3_fused	2675001	2680000	2169	2851	2176	0.591
NC_003062_3_fused	2680001	2685000	2142	2830	2172	0.606
NC_003062_3_fused	2685001	2690000	2143	3009	2302	0.596
NC_003062_3_fused	2690001	2695000	2246	3017	2392	0.614
NC_003062_3_fused	2695001	2700000	2299	2895	2461	0.594
NC_003062_3_fused	2700001	2705000	2186	2836	2466	0.610
NC_003062_3_fused	2705001	2710000	2134	2572	2349	0.615
NC_003062_3_fused	2710001	2715000	2173	2546	2258	0.611
NC_003062_3_fused	2715001	2720000	2224	2534	2337	0.633
NC_003062_3_fused	2720001	2725000	2103	2766	2526	0.633
NC_003062_3_fused	2725001	2730000	2072	2883	2494	0.647
NC_003062_3_fused	2730001	2735000	2103	2982	2436	0.639
NC_003062_3_fused	2735001	2740000	2003	2889	2369	0.625
NC_003062_3_fused	2740001	2745000	2057	2750	2314	0.611
NC_003062_3_fused	2745001	2750000	2146	2819	2300	0.621
NC_003062_3_fused	2750001	2755000	2214	2809	2321	0.600
NC_003062_3_fused	2755001	2760000	2151	2744	2283	0.601
NC_003062_3_fused	2760001	2765000	2102	2726	2228	0.578
NC_003062_3_fused	2765001	2770000	2116	2935	2546	0.602
NC_003062_3_fused	2770001	2775000	2083	2801	2586	0.608
NC_003062_3_fused	2775001	2780000	2177	2848	2382	0.584
NC_003062_3_fused	2780001	2785000	2173	2983	2391	0.596
NC_003062_3_fused	2785001	2790000	2205	2812	2494	0.560
NC_003062_3_fused	2790001	2795000	2239	2803	2493	0.598
NC_003062_3_fused	2795001	2800000	2296	2909	2388	0.572
NC_003062_3_fused	2800001	2805000	2103	2709	2418	0.582
NC_003062_3_fused	2805001	2810000	1855	2625	2400	0.610
NC_003062_3_fused	2810001	2815000	1814	2497	2204	0.609
NC_003062_3_fused	2815001	2820000	1830	2680	2163	0.602
NC_003062_3_fused	2820001	2825000	1978	2787	2253	0.602
NC_003062_3_fused	2825001	2830000	1951	2748	2275	0.592
NC_003062_3_fused	2830001	2835000	1985	2777	2187	0.617
NC_003062_3_fused	2835001	2840000	2095	2556	2190	0.601
NC_003062_3_fused	2840001	2845000	2089	2549	2128	0.606
NC_003062_3_fused	2845001	2850000	2029	2575	2129	0.609
NC_003062_3_fused	2850001	2855000	1989	2663	2129	0.591
NC_003062_3_fused	2855001	2860000	1989	2558	2201	0.606
NC_003062_3_fused	2860001	2865000	2003	2615	2218	0.596
NC_003062_3_fused	2865001	2870000	1998	2860	2335	0.595
NC_003062_3_fused	2870001	2875000	1945	2688	2206	0.586
NC_003062_3_fused	2875001	2880000	1987	2596	2168	0.573
NC_003062_3_fused	2880001	2885000	1933	2761	2106	0.615
NC_003062_3_fused	2885001	2890000	1898	2901	2174	0.596
NC_003062_3_fused	2890001	2895000	1887	2594	2306	0.585
NC_003062_3_fused	2895001	2900000	1988	2650	2205	0.599
NC_003062_3_fused	2900001	2905000	2050	2764	2274	0.592
NC_003062_3_fused	2905001	2910000	2128	2928	2388	0.592
NC_003062_3_fused	2910001	2915000	2008	2797	2348	0.589
NC_003062_3_fused	2915001	2920000	1990	2863	2321	0.600
NC_003062_3_fused	2920001	2925000	2075	2948	2181	0.591
NC_003062_3_fused	2925001	2930000	1969	2872	2131	0.594
NC_003062_3_fused	2930001	2935000	2052	2886	2237	0.584
NC_003062_3_fused	2935001	2940000	2007	2769	2383	0.605
NC_003062_3_fused	2940001	2945000	1943	2525	2344	0.598
NC_003062_3_fused	2945001	2950000	1984	2544	2420	0.590
NC_003062_3_fused	2950001	2955000	1916	2768	2271	0.613
NC_003062_3_fused	2955001	2960000	2035	2977	2243	0.582
NC_003062_3_fused	2960001	2965000	2119	2980	2375	0.579
NC_003062_3_fused	2965001	2970000	2041	3069	2471	0.602
NC_003062_3_fused	2970001	2975000	1970	2763	2352	0.600
NC_003062_3_fused	2975001	2980000	1867	2582	2256	0.581
NC_003062_3_fused	2980001	2985000	1962	2507	2247	0.549
NC_003062_3_fused	2985001	2990000	1948	2612	2131	0.576
NC_003062_3_fused	2990001	2995000	1940	2737	2153	0.611
NC_003062_3_fused	2995001	3000000	2120	2831	2157	0.601
NC_003062_3_fused	3000001	3005000	2032	2803	2133	0.574
NC_003062_3_fused	3005001	3010000	1919	2813	2178	0.580
NC_003062_3_fused	3010001	3015000	1894	2858	2345	0.578
NC_003062_3_fused	3015001	3020000	2031	2888	2425	0.565
NC_003062_3_fused	3020001	3025000	2485	2968	2468	0.590
NC_003062_3_fused	3025001	3030000	2320	3004	2573	0.601
NC_003062_3_fused	3030001	3035000	2243	2931	2668	0.589
NC_003062_3_fused	3035001	3040000	2084	2863	2439	0.587
NC_003062_3_fused	3040001	3045000	1937	2750	2245	0.591
NC_003062_3_fused	3045001	3050000	2114	2801	2182	0.593
NC_003062_3_fused	3050001	3055000	2214	2906	2234	0.581
NC_003062_3_fused	3055001	3060000	2227	2951	2546	0.619
NC_003062_3_fused	3060001	3065000	2187	2871	2450	0.608
NC_003062_3_fused	3065001	3070000	2176	2894	2491	0.586
NC_003062_3_fused	3070001	3075000	2256	2988	2483	0.596
NC_003062_3_fused	3075001	3080000	2102	2775	2369	0.594
NC_003062_3_fused	3080001	3085000	2008	2500	2205	0.588
NC_003062_3_fused	3085001	3090000	1927	2403	2102	0.606
NC_003062_3_fused	3090001	3095000	1860	2496	2087	0.590
NC_003062_3_fused	3095001	3100000	1992	2733	2245	0.598
NC_003062_3_fused	3100001	3105000	2082	2759	2351	0.619
NC_003062_3_fused	3105001	3110000	2139	2809	2151	0.605
NC_003062_3_fused	3110001	3115000	2080	2750	2110	0.609
NC_003062_3_fused	3115001	3120000	2034	2783	2161	0.592
NC_003062_3_fused	3120001	3125000	2118	2892	2351	0.590
NC_003062_3_fused	3125001	3130000	1917	2898	2354	0.590
NC_003062_3_fused	3130001	3135000	1962	3005	2319	0.582
NC_003062_3_fused	3135001	3140000	2046	3008	2309	0.577
NC_003062_3_fused	3140001	3145000	2106	2739	2460	0.603
NC_003062_3_fused	3145001	3150000	2134	2669	2409	0.592
NC_003062_3_fused	3150001	3155000	1987	2840	2374	0.588
NC_003062_3_fused	3155001	3160000	1950	2838	2470	0.589
NC_003062_3_fused	3160001	3165000	1953	2933	2423	0.586
NC_003062_3_fused	3165001	3170000	1988	2982	2288	0.620
NC_003062_3_fused	3170001	3175000	2042	3054	2276	0.615
NC_003062_3_fused	3175001	3180000	2063	2879	2343	0.588
NC_003062_3_fused	3180001	3185000	2270	2758	2420	0.571
NC_003062_3_fused	3185001	3190000	2126	2794	2225	0.577
NC_003062_3_fused	3190001	3195000	2085	2834	2228	0.597
NC_003062_3_fused	3195001	3200000	2161	2839	2377	0.588
NC_003062_3_fused	3200001	3205000	2198	2788	2418	0.606
NC_003062_3_fused	3205001	3210000	2180	2628	2479	0.586
NC_003062_3_fused	3210001	3215000	2129	2613	2303	0.588
NC_003062_3_fused	3215001	3220000	2087	2648	2239	0.591
NC_003062_3_fused	3220001	3225000	1957	2835	2399	0.598
NC_003062_3_fused	3225001	3230000	1920	2892	2464	0.585
NC_003062_3_fused	3230001	3235000	1870	2733	2528	0.595
NC_003062_3_fused	3235001	3240000	2009	2726	2524	0.578
NC_003062_3_fused	3240001	3245000	2050	2643	2370	0.573
NC_003062_3_fused	3245001	3250000	2148	2546	2312	0.599
NC_003062_3_fused	3250001	3255000	2140	2430	2234	0.589
NC_003062_3_fused	3255001	3260000	2191	2631	2266	0.585
NC_003062_3_fused	3260001	3265000	2294	2727	2282	0.596
NC_003062_3_fused	3265001	3270000	2080	2760	2268	0.591
NC_003062_3_fused	3270001	3275000	2093	2643	2298	0.603
NC_003062_3_fused	3275001	3280000	2100	2583	2264	0.580
NC_003062_3_fused	3280001	3285000	2105	2506	2248	0.604
NC_003062_3_fused	3285001	3290000	2171	2475	2283	0.596
NC_003062_3_fused	3290001	3295000	2335	2662	2312	0.593
NC_003062_3_fused	3295001	3300000	2218	2597	2481	0.587
NC_003062_3_fused	3300001	3305000	2087	2624	2441	0.606
NC_003062_3_fused	3305001	3310000	2048	2545	2394	0.582
NC_003062_3_fused	3310001	3315000	1874	2523	2327	0.598
NC_003062_3_fused	3315001	3320000	1854	2475	2302	0.575
NC_003062_3_fused	3320001	3325000	1943	2569	2285	0.603
NC_003062_3_fused	3325001	3330000	2033	2616	2288	0.570
NC_003062_3_fused	3330001	3335000	2092	2740	2401	0.585
NC_003062_3_fused	3335001	3340000	2097	2652	2392	0.582
NC_003062_3_fused	3340001	3345000	1992	2596	2345	0.612
NC_003062_3_fused	3345001	3350000	1975	2550	2253	0.575
NC_003062_3_fused	3350001	3355000	1941	2709	2254	0.593
NC_003062_3_fused	3355001	3360000	2016	2759	2350	0.602
NC_003062_3_fused	3360001	3365000	2032	2692	2427	0.602
NC_003062_3_fused	3365001	3370000	2115	2562	2362	0.598
NC_003062_3_fused	3370001	3375000	2120	2332	2385	0.593
NC_003062_3_fused	3375001	3380000	1943	2231	2347	0.604
NC_003062_3_fused	3380001	3385000	1911	2267	2257	0.589
NC_003062_3_fused	3385001	3390000	1939	2440	2275	0.559
NC_003062_3_fused	3390001	3395000	1939	2451	2149	0.591
NC_003062_3_fused	3395001	3400000	2048	2362	2177	0.548
NC_003062_3_fused	3400001	3405000	2102	2393	2188	0.617
NC_003062_3_fused	3405001	3410000	2113	2564	2347	0.599
NC_003062_3_fused	3410001	3415000	2147	2548	2296	0.584
NC_003062_3_fused	3415001	3420000	2149	2555	2301	0.591
NC_003062_3_fused	3420001	3425000	2141	2568	2322	0.605
NC_003062_3_fused	3425001	3430000	2037	2563	2405	0.583
NC_003062_3_fused	3430001	3435000	2180	2696	2521	0.586
NC_003062_3_fused	3435001	3440000	2292	2687	2418	0.616
NC_003062_3_fused	3440001	3445000	2272	2729	2326	0.610
NC_003062_3_fused	3445001	3450000	2163	2732	2342	0.631
NC_003062_3_fused	3450001	3455000	2112	2736	2351	0.591
NC_003062_3_fused	3455001	3460000	2101	2783	2582	0.627
NC_003062_3_fused	3460001	3465000	2015	2726	2629	0.599
NC_003062_3_fused	3465001	3470000	1959	2634	2295	0.570
NC_003062_3_fused	3470001	3475000	1970	2465	2289	0.600
NC_003062_3_fused	3475001	3480000	2183	2477	2238	0.591
NC_003062_3_fused	3480001	3485000	2158	2511	2381	0.587
NC_003062_3_fused	3485001	3490000	2192	2538	2355	0.582
NC_003062_3_fused	3490001	3495000	2124	2456	2260	0.606
NC_003062_3_fused	3495001	3500000	2064	2456	2106	0.582
NC_003062_3_fused	3500001	3505000	1976	2509	2059	0.600
NC_003062_3_fused	3505001	3510000	2013	2447	2115	0.585
NC_003062_3_fused	3510001	3515000	2069	2496	2240	0.578
NC_003062_3_fused	3515001	3520000	1985	2680	2277	0.600
NC_003062_3_fused	3520001	3525000	1995	2593	2517	0.589
NC_003062_3_fused	3525001	3530000	2194	2592	2479	0.612
NC_003062_3_fused	3530001	3535000	2183	2538	2484	0.604
NC_003062_3_fused	3535001	3540000	2105	2597	2538	0.588
NC_003062_3_fused	3540001	3545000	2128	2534	2448	0.595
NC_003062_3_fused	3545001	3550000	2042	2636	2354	0.594
NC_003062_3_fused	3550001	3555000	2066	2754	2261	0.589
NC_003062_3_fused	3555001	3560000	2112	2726	2267	0.572
NC_003062_3_fused	3560001	3565000	2337	2695	2367	0.589
NC_003062_3_fused	3565001	3570000	2151	2624	2497	0.601
NC_003062_3_fused	3570001	3575000	2102	2607	2565	0.599
NC_003062_3_fused	3575001	3580000	2163	2753	2421	0.614
NC_003062_3_fused	3580001	3585000	2108	2769	2440	0.611
NC_003062_3_fused	3585001	3590000	2185	2778	2508	0.617
NC_003062_3_fused	3590001	3595000	2327	2858	2734	0.606
NC_003062_3_fused	3595001	3600000	2240	2987	2621	0.608
NC_003062_3_fused	3600001	3605000	2167	2803	2572	0.595
NC_003062_3_fused	3605001	3610000	2131	2656	2582	0.582
NC_003062_3_fused	3610001	3615000	2223	2558	2533	0.597
NC_003062_3_fused	3615001	3620000	2343	2542	2410	0.618
NC_003062_3_fused	3620001	3625000	2318	2577	2313	0.582
NC_003062_3_fused	3625001	3630000	2351	2643	2426	0.590
NC_003062_3_fused	3630001	3635000	2443	2698	2444	0.586
NC_003062_3_fused	3635001	3640000	2431	2592	2510	0.590
NC_003062_3_fused	3640001	3645000	2437	2583	2580	0.595
NC_003062_3_fused	3645001	3650000	2444	2578	2726	0.587
NC_003062_3_fused	3650001	3655000	2344	2670	2727	0.596
NC_003062_3_fused	3655001	3660000	2349	2822	2801	0.590
NC_003062_3_fused	3660001	3665000	2400	2791	2669	0.607
NC_003062_3_fused	3665001	3670000	2190	2648	2621	0.580
NC_003062_3_fused	3670001	3675000	2231	2552	2640	0.607
NC_003062_3_fused	3675001	3680000	2213	2552	2673	0.600
NC_003062_3_fused	3680001	3685000	2174	2628	2721	0.584
NC_003062_3_fused	3685001	3690000	2231	2600	2662	0.599
NC_003062_3_fused	3690001	3695000	2221	2598	2528	0.578
NC_003062_3_fused	3695001	3700000	2289	2692	2587	0.586
NC_003062_3_fused	3700001	3705000	2308	2584	2527	0.584
NC_003062_3_fused	3705001	3710000	2341	2565	2558	0.576
NC_003062_3_fused	3710001	3715000	2338	2515	2875	0.602
NC_003062_3_fused	3715001	3720000	2408	2679	2775	0.595
NC_003062_3_fused	3720001	3725000	2326	2631	2739	0.617
NC_003062_3_fused	3725001	3730000	2264	2852	2759	0.603
NC_003062_3_fused	3730001	3735000	2339	2958	2847	0.599
NC_003062_3_fused	3735001	3740000	2406	2892	2743	0.593
NC_003062_3_fused	3740001	3745000	2350	2635	2764	0.608
NC_003062_3_fused	3745001	3750000	2387	2791	2763	0.600
NC_003062_3_fused	3750001	3755000	2427	2714	2745	0.581
NC_003062_3_fused	3755001	3760000	2553	2742	2750	0.592
NC_003062_3_fused	3760001	3765000	2469	2663	2762	0.591
NC_003062_3_fused	3765001	3770000	2455	2635	3005	0.563
NC_003062_3_fused	3770001	3775000	2549	2676	3059	0.535
NC_003062_3_fused	3775001	3780000	2590	2732	2928	0.502
NC_003062_3_fused	3780001	3785000	2479	2724	2824	0.524
NC_003062_3_fused	3785001	3790000	2254	2576	2722	0.569
NC_003062_3_fused	3790001	3795000	2092	2665	2620	0.562
NC_003062_3_fused	3795001	3800000	2087	2716	2594	0.587
NC_003062_3_fused	3800001	3805000	2262	2673	2791	0.612
NC_003062_3_fused	3805001	3810000	2124	2659	2684	0.577
NC_003062_3_fused	3810001	3815000	2117	2675	2602	0.605
NC_003062_3_fused	3815001	3820000	2204	2530	2551	0.611
NC_003062_3_fused	3820001	3825000	2284	2318	2498	0.561
NC_003062_3_fused	3825001	3830000	2326	2373	2545	0.600
NC_003062_3_fused	3830001	3835000	2511	2584	2769	0.583
NC_003062_3_fused	3835001	3840000	2389	2714	2747	0.593
NC_003062_3_fused	3840001	3845000	2354	2620	2709	0.619
NC_003062_3_fused	3845001	3850000	2529	2649	2665	0.592
NC_003062_3_fused	3850001	3855000	2572	2626	2630	0.597
NC_003062_3_fused	3855001	3860000	2561	2606	2659	0.610
NC_003062_3_fused	3860001	3865000	2401	2589	2560	0.590
NC_003062_3_fused	3865001	3870000	2349	2443	2595	0.553
NC_003062_3_fused	3870001	3875000	2307	2463	2718	0.564
NC_003062_3_fused	3875001	3880000	2192	2426	2585	0.595
NC_003062_3_fused	3880001	3885000	2140	2488	2489	0.608
NC_003062_3_fused	3885001	3890000	2202	2496	2591	0.530
NC_003062_3_fused	3890001	3895000	2214	2639	2608	0.555
NC_003062_3_fused	3895001	3900000	2321	2617	2666	0.589
NC_003062_3_fused	3900001	3905000	2386	2510	2836	0.610
NC_003062_3_fused	3905001	3910000	2423	2561	2894	0.594
NC_003062_3_fused	3910001	3915000	2670	2712	2830	0.594
NC_003062_3_fused	3915001	3920000	2643	3001	2864	0.604
NC_003062_3_fused	3920001	3925000	2610	2837	3058	0.618
NC_003062_3_fused	3925001	3930000	2623	2769	2958	0.613
NC_003062_3_fused	3930001	3935000	2772	2789	2981	0.597
NC_003062_3_fused	3935001	3940000	2768	2604	3000	0.581
NC_003062_3_fused	3940001	3945000	2649	2548	2839	0.603
NC_003062_3_fused	3945001	3950000	2319	2432	2732	0.593
NC_003062_3_fused	3950001	3955000	2234	2582	2737	0.611
NC_003062_3_fused	3955001	3960000	2365	2747	2668	0.611
NC_003062_3_fused	3960001	3965000	2401	2738	2639	0.608
NC_003062_3_fused	3965001	3970000	2430	2577	2668	0.579
NC_003062_3_fused	3970001	3975000	2404	2393	2805	0.593
NC_003062_3_fused	3975001	3980000	2332	2368	2516	0.595
NC_003062_3_fused	3980001	3985000	2288	2397	2472	0.616
NC_003062_3_fused	3985001	3990000	2162	2439	2489	0.597
NC_003062_3_fused	3990001	3995000	2114	2542	2599	0.612
NC_003062_3_fused	3995001	4000000	2236	2626	2664	0.606
NC_003062_3_fused	4000001	4005000	2220	2636	2595	0.608
NC_003062_3_fused	4005001	4010000	2266	2431	2479	0.599
NC_003062_3_fused	4010001	4015000	2261	2419	2620	0.604
NC_003062_3_fused	4015001	4020000	2137	2555	2731	0.587
NC_003062_3_fused	4020001	4025000	2186	2752	2770	0.579
NC_003062_3_fused	4025001	4030000	2368	2682	2711	0.599
NC_003062_3_fused	4030001	4035000	2400	2601	2789	0.620
NC_003062_3_fused	4035001	4040000	2333	2632	2867	0.597
NC_003062_3_fused	4040001	4045000	2400	2618	2946	0.589
NC_003062_3_fused	4045001	4050000	2454	2543	2922	0.605
NC_003062_3_fused	4050001	4055000	2305	2551	2633	0.623
NC_003062_3_fused	4055001	4060000	2377	2632	2617	0.597
NC_003062_3_fused	4060001	4065000	2322	2743	2638	0.621
NC_003062_3_fused	4065001	4070000	2332	2947	2814	0.594
NC_003062_3_fused	4070001	4075000	2443	2818	2856	0.588
NC_003062_3_fused	4075001	4080000	2482	2755	2811	0.599
NC_003062_3_fused	4080001	4085000	2558	2746	2985	0.599
NC_003062_3_fused	4085001	4090000	2640	2749	3035	0.593
NC_003062_3_fused	4090001	4095000	2323	2696	2936	0.609
NC_003062_3_fused	4095001	4100000	2323	2659	2929	0.598
NC_003062_3_fused	4100001	4105000	2367	2569	2871	0.593
NC_003062_3_fused	4105001	4110000	2477	2602	2834	0.588
NC_003062_3_fused	4110001	4115000	2481	2649	2982	0.586
NC_003062_3_fused	4115001	4120000	2445	2527	3082	0.613
NC_003062_3_fused	4120001	4125000	2490	2540	2985	0.601
NC_003062_3_fused	4125001	4130000	2409	2738	2661	0.584
NC_003062_3_fused	4130001	4135000	2420	2960	2726	0.578
NC_003062_3_fused	4135001	4140000	2528	2990	2750	0.598
NC_003062_3_fused	4140001	4145000	2529	2714	2571	0.587
NC_003062_3_fused	4145001	4150000	2415	2604	2509	0.566
NC_003062_3_fused	4150001	4155000	2404	2538	2467	0.526
NC_003062_3_fused	4155001	4160000	2435	2728	2746	0.572
NC_003062_3_fused	4160001	4165000	2583	2870	2953	0.585
NC_003062_3_fused	4165001	4170000	2542	2860	2893	0.567
NC_003062_3_fused	4170001	4175000	2449	1	0	0.574
NC_003062_3_fused	4175001	4180000	2456	2653	2851	0.587
NC_003062_3_fused	4180001	4185000	2633	2772	3050	0.582
NC_003062_3_fused	4185001	4190000	2646	2859	3120	0.598
NC_003062_3_fused	4190001	4195000	2623	2686	3005	0.610
NC_003062_3_fused	4195001	4200000	2586	2647	2774	0.598
NC_003062_3_fused	4200001	4205000	2488	2580	2764	0.586
NC_003062_3_fused	4205001	4210000	2459	2666	2863	0.604
NC_003062_3_fused	4210001	4215000	2526	2627	2832	0.596
NC_003062_3_fused	4215001	4220000	2499	2521	2741	0.597
NC_003062_3_fused	4220001	4225000	2473	2554	2664	0.597
NC_003062_3_fused	4225001	4230000	2494	2552	2768	0.583
NC_003062_3_fused	4230001	4235000	2578	2760	2884	0.573
NC_003062_3_fused	4235001	4240000	2601	2722	2928	0.605
NC_003062_3_fused	4240001	4245000	2547	2728	2953	0.573
NC_003062_3_fused	4245001	4250000	2487	2693	2888	0.592
NC_003062_3_fused	4250001	4255000	2457	2642	3025	0.583
NC_003062_3_fused	4255001	4260000	2444	2776	3099	0.608
NC_003062_3_fused	4260001	4265000	2359	2824	2857	0.620
NC_003062_3_fused	4265001	4270000	2389	2808	2775	0.595
NC_003062_3_fused	4270001	4275000	2462	2771	2841	0.595
NC_003062_3_fused	4275001	4280000	2473	2792	3014	0.605
NC_003062_3_fused	4280001	4285000	2598	2994	3070	0.621
NC_003062_3_fused	4285001	4290000	2580	3116	2827	0.604
NC_003062_3_fused	4290001	4295000	2384	2925	2838	0.591
NC_003062_3_fused	4295001	4300000	2356	2859	2817	0.612
NC_003062_3_fused	4300001	4305000	2468	2843	2945	0.597
NC_003062_3_fused	4305001	4310000	2618	2936	2969	0.609
NC_003062_3_fused	4310001	4315000	2554	2986	2795	0.621
NC_003062_3_fused	4315001	4320000	2474	2937	2800	0.616
NC_003062_3_fused	4320001	4325000	2559	2858	2905	0.579
NC_003062_3_fused	4325001	4330000	2484	2882	2965	0.582
NC_003062_3_fused	4330001	4335000	2596	2857	2998	0.557
NC_003062_3_fused	4335001	4340000	2688	2761	3048	0.597
NC_003062_3_fused	4340001	4345000	2616	2563	3145	0.587
NC_003062_3_fused	4345001	4350000	2464	2595	3072	0.599
NC_003062_3_fused	4350001	4355000	2409	2881	3028	0.606
NC_003062_3_fused	4355001	4360000	2403	2874	2888	0.611
NC_003062_3_fused	4360001	4365000	2419	2719	2800	0.608
NC_003062_3_fused	4365001	4370000	2425	2688	2818	0.631
NC_003062_3_fused	4370001	4375000	2451	2601	2842	0.606
NC_003062_3_fused	4375001	4380000	2490	2611	2988	0.623
NC_003062_3_fused	4380001	4385000	2681	2792	3028	0.629
NC_003062_3_fused	4385001	4390000	2627	2825	2969	0.605
NC_003062_3_fused	4390001	4395000	2610	2836	3058	0.582
NC_003062_3_fused	4395001	4400000	2678	2724	3039	0.620
NC_003062_3_fused	4400001	4405000	2433	2689	2929	0.597
NC_003062_3_fused	4405001	4410000	2358	2641	2847	0.601
NC_003062_3_fused	4410001	4415000	2365	2737	2924	0.614
NC_003062_3_fused	4415001	4420000	2364	2800	2887	0.601
NC_003062_3_fused	4420001	4425000	2437	2923	2935	0.619
NC_003062_3_fused	4425001	4430000	2407	2748	2818	0.611
NC_003062_3_fused	4430001	4435000	2447	2723	2894	0.603
NC_003062_3_fused	4435001	4440000	2472	2893	3076	0.600
NC_003062_3_fused	4440001	4445000	2480	2884	2958	0.618
NC_003062_3_fused	4445001	4450000	2369	2610	2803	0.597
NC_003062_3_fused	4450001	4455000	2244	2586	2747	0.606
NC_003062_3_fused	4455001	4460000	2376	2593	2651	0.596
NC_003062_3_fused	4460001	4465000	2469	2701	2679	0.603
NC_003062_3_fused	4465001	4470000	2522	2875	2800	0.594
NC_003062_3_fused	4470001	4475000	2408	2740	2849	0.618
NC_003062_3_fused	4475001	4480000	2317	2692	2810	0.600
NC_003062_3_fused	4480001	4485000	2271	2657	2772	0.615
NC_003062_3_fused	4485001	4490000	2262	2710	2627	0.604
NC_003062_3_fused	4490001	4495000	2323	2729	2647	0.611
NC_003062_3_fused	4495001	4500000	2431	2684	2888	0.604
NC_003062_3_fused	4500001	4505000	2431	2601	2937	0.614
NC_003062_3_fused	4505001	4510000	2407	2662	2944	0.616
NC_003062_3_fused	4510001	4515000	2371	2651	3049	0.591
NC_003062_3_fused	4515001	4520000	2444	2766	3042	0.604
NC_003062_3_fused	4520001	4525000	2357	2742	2971	0.598
NC_003062_3_fused	4525001	4530000	2188	2674	2756	0.598
NC_003062_3_fused	4530001	4535000	2209	2631	2823	0.607
NC_003062_3_fused	4535001	4540000	2488	2715	3022	0.617
NC_003062_3_fused	4540001	4545000	2414	2979	3123	0.601
NC_003062_3_fused	4545001	4550000	2436	3032	3019	0.619
NC_003062_3_fused	4550001	4555000	2440	2923	2968	0.627
NC_003062_3_fused	4555001	4560000	2404	2861	3094	0.595
NC_003062_3_fused	4560001	4565000	2618	2676	3024	0.600
NC_003062_3_fused	4565001	4570000	2613	2678	2988	0.586
NC_003062_3_fused	4570001	4575000	2520	2867	2986	0.569
NC_003062_3_fused	4575001	4580000	2543	3036	3075	0.584
NC_003062_3_fused	4580001	4585000	2558	2980	2998	0.592
NC_003062_3_fused	4585001	4590000	2503	2970	2975	0.578
NC_003062_3_fused	4590001	4595000	2350	2801	2867	0.563
NC_003062_3_fused	4595001	4600000	2436	2898	2852	0.495
NC_003062_3_fused	4600001	4605000	2398	2868	2670	0.507
NC_003062_3_fused	4605001	4610000	2497	2817	2659	0.527
NC_003062_3_fused	4610001	4615000	2533	2795	2744	0.608
NC_003062_3_fused	4615001	4620000	2576	2774	2885	0.580
NC_003062_3_fused	4620001	4625000	2576	2885	2814	0.594
NC_003062_3_fused	4625001	4630000	2592	3022	2831	0.591
NC_003062_3_fused	4630001	4635000	2503	2952	2914	0.621
NC_003062_3_fused	4635001	4640000	2496	2862	2902	0.608
NC_003062_3_fused	4640001	4645000	2576	2873	2622	0.607
NC_003062_3_fused	4645001	4650000	2586	2979	2679	0.600
NC_003062_3_fused	4650001	4655000	2592	3181	2815	0.589
NC_003062_3_fused	4655001	4660000	2561	3129	3068	0.606
NC_003062_3_fused	4660001	4665000	2644	2926	3043	0.587
NC_003062_3_fused	4665001	4670000	2515	2749	3040	0.593
NC_003062_3_fused	4670001	4675000	2472	2740	2894	0.587
NC_003062_3_fused	4675001	4680000	2567	2786	2821	0.576
NC_003062_3_fused	4680001	4685000	2613	2734	2932	0.596
NC_003062_3_fused	4685001	4690000	2417	2656	2980	0.619
NC_003062_3_fused	4690001	4695000	2449	2629	3037	0.581
NC_003062_3_fused	4695001	4700000	2385	2777	2690	0.562
NC_003062_3_fused	4700001	4705000	2332	2948	2704	0.593
NC_003062_3_fused	4705001	4710000	2467	2809	2815	0.599
NC_003062_3_fused	4710001	4715000	2541	2806	2963	0.608
NC_003062_3_fused	4715001	4720000	2669	2829	2906	0.615
NC_003062_3_fused	4720001	4725000	2585	2616	2741	0.592
NC_003062_3_fused	4725001	4730000	2440	2580	2735	0.599
NC_003062_3_fused	4730001	4735000	2350	2703	2746	0.605
NC_003062_3_fused	4735001	4740000	2494	2755	2831	0.610
NC_003062_3_fused	4740001	4745000	2576	2811	2735	0.601
NC_003062_3_fused	4745001	4750000	2655	2840	2862	0.591
NC_003062_3_fused	4750001	4755000	2494	2817	2884	0.611
NC_003062_3_fused	4755001	4760000	2457	2820	2883	0.593
NC_003062_3_fused	4760001	4765000	2626	2819	2897	0.597
NC_003062_3_fused	4765001	4770000	2542	2975	2893	0.587
NC_003062_3_fused	4770001	4775000	2476	2945	2915	0.600
NC_003062_3_fused	4775001	4780000	2705	2984	2924	0.583
NC_003062_3_fused	4780001	4785000	2652	3121	2908	0.601
NC_003062_3_fused	4785001	4790000	2666	3033	2889	0.598
NC_003062_3_fused	4790001	4795000	2508	3234	2969	0.595
NC_003062_3_fused	4795001	4800000	2601	3326	3038	0.597
NC_003062_3_fused	4800001	4805000	2588	3153	3103	0.602
NC_003062_3_fused	4805001	4810000	2582	2849	3161	0.573
NC_003062_3_fused	4810001	4815000	2489	2761	3018	0.575
NC_003062_3_fused	4815001	4820000	2594	2807	2854	0.557
NC_003062_3_fused	4820001	4825000	2671	2840	2859	0.566
NC_003062_3_fused	4825001	4830000	2599	3014	3087	0.580
NC_003062_3_fused	4830001	4835000	2565	3148	3099	0.571
NC_003062_3_fused	4835001	4840000	2537	2972	2991	0.594
NC_003062_3_fused	4840001	4845000	2346	2691	2913	0.587
NC_003062_3_fused	4845001	4850000	2248	2583	2775	0.601
NC_003062_3_fused	4850001	4855000	2406	2509	2739	0.574
NC_003062_3_fused	4855001	4860000	2528	2648	2914	0.589
NC_003062_3_fused	4860001	4865000	2465	2897	3032	0.576
NC_003062_3_fused	4865001	4870000	2409	3003	3163	0.559
NC_003062_3_fused	4870001	4875000	2578	2937	3245	0.592
NC_003062_3_fused	4875001	4880000	2609	2953	3301	0.549
NC_003062_3_fused	4880001	4885000	2703	2998	3075	0.587
NC_003062_3_fused	4885001	4890000	2748	3006	3167	0.567
NC_003062_3_fused	4890001	4895000	2790	3105	3095	0.586
NC_003062_3_fused	4895001	4900000	2853	3186	3050	0.568
NC_003062_3_fused	4900001	4905000	2599	3200	3057	0.547
NC_003062_3_fused	4905001	4910000	2707	3365	3728	0.545
NC_003062_3_fused	4910001	4915000	3460	4357	5772	0.560
NC_003062_3_fused	4915001	4920000	3306	4225	5827	0.538
NC_003062_3_fused	4920001	4925000	248	287	331	0.536
NC_003062_3_fused	4925001	4930000	126	162	169	0.560
NC_003062_3_fused	4930001	4935000	14	19	19	0.549
NC_003062_3_fused	4935001	4940000	0	0	0	0.538
NC_003064	1	5000	394	440	295	0.568
NC_003064	5001	10000	564	612	511	0.604
NC_003064	10001	15000	561	706	578	0.562
NC_003064	15001	20000	573	637	641	0.581
NC_003064	20001	25000	621	557	551	0.546
NC_003064	25001	30000	561	520	497	0.553
NC_003064	30001	35000	507	499	485	0.464
NC_003064	35001	40000	436	519	528	0.512
NC_003064	40001	45000	441	478	514	0.530
NC_003064	45001	50000	482	467	532	0.574
NC_003064	50001	55000	502	534	521	0.603
NC_003064	55001	60000	552	570	557	0.576
NC_003064	60001	65000	599	503	467	0.577
NC_003064	65001	70000	535	528	466	0.574
NC_003064	70001	75000	470	575	540	0.579
NC_003064	75001	80000	416	594	471	0.571
NC_003064	80001	85000	477	527	513	0.583
NC_003064	85001	90000	401	504	456	0.574
NC_003064	90001	95000	381	475	410	0.558
NC_003064	95001	100000	374	428	482	0.571
NC_003064	100001	105000	317	408	413	0.591
NC_003064	105001	110000	271	390	382	0.610
NC_003064	110001	115000	169	384	360	0.589
NC_003064	115001	120000	93	247	301	0.615
NC_003064	120001	125000	455	368	519	0.552
NC_003064	125001	130000	496	423	420	0.548
NC_003064	130001	135000	471	370	384	0.554
NC_003064	135001	140000	445	396	388	0.569
NC_003064	140001	145000	475	435	424	0.578
NC_003064	145001	150000	445	478	479	0.581
NC_003064	150001	155000	523	458	498	0.546
NC_003064	155001	160000	452	461	470	0.527
NC_003064	160001	165000	533	507	549	0.585
NC_003064	165001	170000	532	564	471	0.573
NC_003064	170001	175000	540	578	446	0.581
NC_003064	175001	180000	638	572	499	0.598
NC_003064	180001	185000	603	555	402	0.576
NC_003064	185001	190000	604	525	396	0.600
NC_003064	190001	195000	637	498	499	0.566
NC_003064	195001	200000	603	549	560	0.581
NC_003064	200001	205000	608	564	501	0.581
NC_003064	205001	210000	746	605	560	0.563
NC_003064	210001	215000	0	0	0	0.598
NC_003064	215001	220000	0	0	0	0.579
NC_003064	220001	225000	0	0	0	0.596
NC_003064	225001	230000	0	0	0	0.573
NC_003064	230001	235000	0	0	0	0.583
NC_003064	235001	240000	0	0	0	0.582
NC_003064	240001	245000	0	0	0	0.594
NC_003064	245001	250000	0	0	0	0.574
NC_003064	250001	255000	0	0	0	0.564
NC_003064	255001	260000	0	0	0	0.548
NC_003064	260001	265000	0	0	0	0.551
NC_003064	265001	270000	0	0	0	0.577
NC_003064	270001	275000	0	0	0	0.586
NC_003064	275001	280000	0	0	0	0.564
NC_003064	280001	285000	0	0	0	0.570
NC_003064	285001	290000	0	0	0	0.584
NC_003064	290001	295000	0	0	0	0.574
NC_003064	295001	300000	0	0	0	0.573
NC_003064	300001	305000	0	0	0	0.574
NC_003064	305001	310000	0	0	0	0.586
NC_003064	310001	315000	0	0	0	0.579
NC_003064	315001	320000	0	0	0	0.583
NC_003064	320001	325000	0	0	0	0.578
NC_003064	325001	330000	0	0	0	0.581
NC_003064	330001	335000	0	0	0	0.568
NC_003064	335001	340000	0	0	0	0.571
NC_003064	340001	345000	0	0	0	0.554
NC_003064	345001	350000	0	0	0	0.564
NC_003064	350001	355000	0	0	0	0.556
NC_003064	355001	360000	0	0	0	0.598
NC_003064	360001	365000	0	0	0	0.557
NC_003064	365001	370000	0	0	0	0.558
NC_003064	370001	375000	0	0	0	0.602
NC_003064	375001	380000	0	0	0	0.567
NC_003064	380001	385000	0	0	0	0.573
NC_003064	385001	390000	0	0	0	0.584
NC_003064	390001	395000	0	0	0	0.584
NC_003064	395001	400000	0	0	0	0.570
NC_003064	400001	405000	0	0	0	0.565
NC_003064	405001	410000	712	646	604	0.592
NC_003064	410001	415000	734	659	618	0.588
NC_003064	415001	420000	700	591	586	0.591
NC_003064	420001	425000	669	625	664	0.567
NC_003064	425001	430000	633	577	656	0.567
NC_003064	430001	435000	600	554	571	0.551
NC_003064	435001	440000	607	563	624	0.601
NC_003064	440001	445000	572	628	562	0.568
NC_003064	445001	450000	477	604	482	0.577
NC_003064	450001	455000	563	586	400	0.600
NC_003064	455001	460000	590	566	442	0.609
NC_003064	460001	465000	565	595	537	0.548
NC_003064	465001	470000	604	507	564	0.596
NC_003064	470001	475000	578	513	489	0.577
NC_003064	475001	480000	473	536	426	0.543
NC_003064	480001	485000	438	539	384	0.556
NC_003064	485001	490000	412	481	396	0.567
NC_003064	490001	495000	580	536	544	0.573
NC_003064	495001	500000	687	648	561	0.575
NC_003064	500001	505000	563	577	508	0.583
NC_003064	505001	510000	571	624	508	0.552
NC_003064	510001	515000	678	562	468	0.584
NC_003064	515001	520000	622	555	503	0.602
NC_003064	520001	525000	648	594	581	0.560
NC_003064	525001	530000	585	578	490	0.586
NC_003064	530001	535000	518	629	481	0.593
NC_003064	535001	540000	562	593	461	0.564
NC_003064	540001	545000	548	639	438	0.582
NC_003065	1	5000	150	203	137	0.462
NC_003065	5001	10000	262	416	246	0.454
NC_003065	10001	15000	187	399	281	0.455
NC_003065	15001	20000	124	422	308	0.480
NC_003065	20001	25000	129	435	263	0.452
NC_003065	25001	30000	188	361	227	0.607
NC_003065	30001	35000	233	366	247	0.596
NC_003065	35001	40000	258	498	302	0.571
NC_003065	40001	45000	292	486	321	0.598
NC_003065	45001	50000	295	476	322	0.634
NC_003065	50001	55000	273	444	256	0.572
NC_003065	55001	60000	240	327	273	0.578
NC_003065	60001	65000	272	368	310	0.557
NC_003065	65001	70000	248	416	308	0.587
NC_003065	70001	75000	255	437	256	0.595
NC_003065	75001	80000	319	459	363	0.569
NC_003065	80001	85000	301	505	396	0.581
NC_003065	85001	90000	306	463	348	0.589
NC_003065	90001	95000	284	528	337	0.608
NC_003065	95001	100000	281	454	324	0.586
NC_003065	100001	105000	301	442	344	0.598
NC_003065	105001	110000	296	424	336	0.590
NC_003065	110001	115000	316	367	277	0.621
NC_003065	115001	120000	307	366	257	0.598
NC_003065	120001	125000	348	436	310	0.635
NC_003065	125001	130000	329	463	356	0.626
NC_003065	130001	135000	330	460	318	0.623
NC_003065	135001	140000	315	461	279	0.579
NC_003065	140001	145000	301	501	304	0.610
NC_003065	145001	150000	267	570	305	0.625
NC_003065	150001	155000	296	466	243	0.572
NC_003065	155001	160000	362	444	307	0.561
NC_003065	160001	165000	365	431	301	0.574
NC_003065	165001	170000	310	453	290	0.550
NC_003065	170001	175000	263	441	352	0.520
NC_003065	175001	180000	309	357	388	0.545
NC_003065	180001	185000	315	388	323	0.530
NC_003065	185001	190000	327	362	284	0.554
NC_003065	190001	195000	323	389	295	0.545
NC_003065	195001	200000	313	386	283	0.549
NC_003065	200001	205000	239	424	301	0.542
NC_003065	205001	210000	233	458	337	0.512
NC_003065	210001	215000	287	415	317	0.578
